col1460:
 1.4.3.2. 0.7.8. 13.5.6. 10. 19. 12.9. 17. 20. 11.


col1462:
 1.4.3.2. 7.8. 13.5.6. 10. 19. 12.9. 17. 20. 11.


col1468:
 1.4.3.2. 0.7.8. 13.5.6. 10. 17. 12.9. 15. 20. 11.


col1470:
 1.4.3.2. 7.8. 13.5.6. 10. 17. 12.9. 15. 20. 11.


col2172:
 0.6.1.3. 10.2.9.7.4. 11.5. 12.8. 29.55. 19. 34.
 22. 17. 43. 18. 24. 28. 13. 14. 32. 15. 37. 20. 16. 36. 25. 26.


col2174:
 3.6.2.1.4. 10.9.7.5. 12. 28. 15.8. 13. 31.11. 55.
 27. 34.0. 22. 17. 36. 62. 50. 14. 24. 16. 18. 20. 32. 52. 49. 35. 51.
 30. 23. 25. 26.


col2180:
 0.2.1.4.3.5. 11.21.6.7. 13.8. 12. 10.9.


col2182:
 1.2.0.4.3.5.8.6. 13.21.7. 12. 22.9. 11. 18. 17.


col2188:
 0.2.1.3.4.9.17.7. 16.6. 12.8.5. 13. 10.


col2190:
 1.2.0.3.4.7. 10.9.17.5. 16.6. 12. 32.8. 25. 13.
 30. 11.


col2214:
8.19370378e+06 1.00000000e+04 ... 4.59203290e+06
 1.15652692e+07 6.07571918e+06


col2215:
5.00000000e+03 1.00000000e+04 2.70000000e+04
 3.00000000e+04 2.05202850e+06 0.00000000e+00 2.50000000e+04
 1.00000000e+05 8.69727590e+06 2.00000000e+04 1.05000000e+04
 5.53527459e+06 5.70397952e+06 6.47519146e+06 3.20504414e+06
 7.80782520e+05 5.00000000e+04 3.65748471e+06 3.58545200e+06
 8.71144742e+06 1.90000000e+04 8.48856216e+06 3.67329191e+06
 7.02514153e+06 5.87030222e+06 4.41055803e+06 4.89125301e+06
 9.66877050e+06 5.90163398e+06 3.05709525e+06 8.10473788e+06
 9.23442959e+06 4.16244330e+05 2.26012680e+06 4.26857883e+06
 1.57547952e+06 6.58337635e+06 1.03665011e+07 6.79050693e+06
 8.46466721e+06 1.00000000e+03 3.21719760e+06 5.59761043e+06
 8.88937800e+06 9.17495539e+06 3.14564803e+06 2.01255600e+06
 6.67653445e+06 1.08320475e+07 3.56809305e+06 5.79298486e+06
 7.71244936e+06 1.13814715e+07 5.46379925e+06 2.04324575e+06
 3.47423691e+06 2.16572697e+06 1.50000000e+05 6.69644176e+06
 2.73409098e+06 3.11011124e+06 7.84832789e+06 5.58650677e+06
 2.08260088e+06 4.33767287e+06 1.87334433e+06 4.54475325e+06
 7.48012154e+06 3.00000000e+02 6.59238720e+06 6.03450880e+06
 1.88969962e+06 1.39497512e+07 3.02116150e+06 2.08861538e+06
 2.55178247e+06 1.88919000e+03 7.87715485e+06 4.41905479e+06
 1.14500860e+05 3.87684572e+06 3.26864030e+05 7.64593330e+06
 6.11327600e+06 5.91984001e+06 2.10592200e+06 5.49045783e+06
 1.60514000e+03 8.08350561e+06 6.73037518e+06 4.31472688e+06
 5.12400012e+06 5.17674294e+06 9.05909315e+06 3.79814200e+06
 4.29195294e+06 2.27103360e+05 2.40000000e+05 5.01796701e+06
 6.60369951e+06 5.80631961e+06 2.99350180e+05 5.42500668e+06
 5.10821884e+06 5.10904419e+06 5.60665045e+06 4.56288188e+06
 1.82352134e+06 5.06202192e+06 5.52487705e+06 5.95922488e+06
 4.97432864e+06 7.48025759e+06 4.35681875e+06 3.96304787e+06
 5.44525658e+06 1.77031340e+05 1.00623038e+07 3.84432759e+06
 5.93970385e+06 5.28908153e+06 5.22289574e+06 3.58557907e+06
 6.52253530e+06 1.24744243e+07 6.45652220e+05 7.81892496e+06
 5.52360553e+06 4.56084250e+06 5.92601735e+06 5.39910967e+06
 5.09836415e+06 5.86852160e+06 1.55237940e+06 2.63447784e+06
 4.99922123e+06 1.83299175e+06 4.44246764e+06 1.90482600e+06
 5.37818421e+06 2.33736790e+05 4.35166519e+06 2.90788530e+05
 3.42317230e+05 7.12954678e+06 7.14651121e+06 5.27034297e+06
 5.39860403e+06 4.33707984e+06 9.27516054e+06 7.36553175e+06
 3.46021460e+05 6.01436967e+06 6.22133408e+06 1.95655000e+03
 1.68649000e+03 2.37487555e+06 5.19101860e+06 1.98588000e+06
 4.88219730e+05 5.74672640e+06 1.01224339e+07 4.50874539e+06
 2.65958135e+06 5.80449488e+06 4.86599475e+06 1.60740000e+06
 3.55777100e+05 5.48502083e+06 2.69959932e+06 1.84251550e+06
 2.14092000e+06 8.79312553e+06 4.46918194e+06 1.80615140e+06
 4.45719409e+06 2.29138100e+06 1.33611725e+07 1.09559874e+07
 6.34107888e+06 1.50389808e+07 5.44627101e+06 8.15632038e+06
 7.79577419e+06 3.18622760e+06 7.03602339e+06 5.20008379e+06
 7.00365715e+06 1.24072096e+07 2.97265877e+06 8.02264910e+06
 5.93460429e+06 4.43901675e+06 5.53043192e+06 5.10190734e+06
 6.15195571e+06 1.59961160e+05 7.45167261e+06 6.69720179e+06
 7.10877244e+06 3.55821200e+05 3.88531977e+06 6.64895335e+06
 1.89583425e+06 4.00931267e+06 4.30763339e+06 5.75753207e+06
 3.02559856e+06 7.04172901e+06 7.30353251e+06 6.07024193e+06
 3.95268632e+06 5.48641185e+06 5.60977666e+06 2.76904194e+06
 6.07720230e+06 1.10899891e+07 1.54097200e+05 3.88858913e+06
 2.14829010e+06 7.63334320e+06 9.76871455e+06 1.53173490e+05
 8.66296886e+06 3.49854821e+06 5.73439933e+06 5.40972148e+06
 5.69660377e+06 9.15529000e+06 4.41440604e+06 5.77192161e+06
 6.65956325e+06 6.56316662e+06 7.84423326e+06 2.00501260e+05
 5.05861540e+06 6.87497251e+06


col2216:
1420568.84333333 10000. ... 1540677.63333333
 3865089.72 2037573.06


col2220:
 6656046.7 8193703.786652297.58 ...4592032.911565269.16
6075719.18


col2221:
 1.00000000e+045.00000000e+031.05000000e+042.70000000e+04
3.00000000e+042.00000000e+045.00000000e+040.00000000e+00
3.70000000e+047.05667160e+06 1.90000000e+04
1.00000000e+032.79900000e+048.88937800e+064.97080584e+06
 -1.05000000e+043.00000000e+022.74233600e+061.88919000e+03
2.22344100e+066.11327600e+061.60514000e+033.04242048e+06
8.00000000e+032.35380000e+031.60000000e+047.14651121e+06
1.95655000e+031.68649000e+031.00000000e+051.87989000e+03
9.15529000e+06


col2222:
2231015.56666667 1420568.84333333 3331398.79 ... 1540677.63333333
 3865089.72 2037573.06


col2286:
4.8. 24. -1. 22.1. 16.2. 21.5.3. 11. 13. 20. 23.6. 14.
 12. 10. 19. 17. 27. 18.9. 29. 26. 15.7. 28. 25. 31. 30. -2. 32. -3.
 33.


col2287:
3.8. 24.4. -1. 21. 22.1.7.2.5. 11. 10.6. 20. 13. 23.
 14. 12. 17. 18.9. 29. 16. -2. 27. 15. 19. 26. -3. 25. 31. 30. 28. 32.
 33.


col2288:
3.5 8. 24.4. -1.
 21.922.1. 11.333333332.1.85714286
 21.5.3. 11. 11.5 8.33333333
 20. 13. 23.6. 14. 12.
7.258.510. 17. 16.33333333 18.
9. 29. 12.257.66666667 16.6.4
6.333333330.16666667 21.71428571 27.7.5.5
 15. 19.9.526.7.75 10.375
 19.75 14.25 13.666666672.753.75 22.5
 17.5 2.5 3.51724138 25. 16.25 20.5
9.8 1.66666667 17.25 14.5 6.857142866.5
2.66666667 11.815.531.6.630.
 26.75 21.413.857142864.515.25 12.5
 13.714285714.33333333 10.528. 14.751.57142857
 -2.9.85714286 15.66666667 24.21818182 10.090909095.75
 15.85714286 14.8 9.66666667 14.666666679.21052632 12.57142857
8.14285714 23.810.33333333 14.85714286 17.67647059 -0.5
 32.8.681818187.33333333 23.25 10.666666676.64705882
 14.333333337.625 9.142857143.833333336.66666667 11.2
1.512.759.285714297.510.813.4
 26.512.333333338.612.42857143 12.714285716.6744186
 23.756.259.618.225.14285714 17.625
1.75 19.25 17.888888894.4 4.55555556 13.5
6.8 6.75 16.513.6 4.2 7.375
 11.58333333 24.519.142857141.37510.22222222 17.8
 24.285714294.666666670.75 20.142857149.166666672.3
6.285714294.42857143 26.14285714 13.75 21.514.42857143
 10.757.857142867.2 1.8 5.333333332.38461538
 11.75 20.25 23.5 8.57142857 14.64285714 12.85714286
3.4 6.224.857142865.255.85714286 18.5
 11.25 24.375-3. 15.75 10.254.75
 17.110.714285714.45454545 15.2 8.75 19.5
 33.8.25 12.4 1.25 17.4375 24.25
 10.410.613.33333333 13.615384622.857142860.28571429
 21.75 13.13333333 17.66666667 20.755.142857146.16666667
1.142857142.416.714285718.27027027 21.6 4.85714286
 12.44444444 17.71428571 22.810.785714299.33333333 13.28571429
4.54545455 19.285714297.818181828.4 7.1 9.57142857
1.621.85714286 15.833333333.57142857 29.5 3.71428571
2.42857143 26.33333333 17.6 0.14285714 13.7 4.25
5.714285716.77777778 28.857142869.225.83333333 16.88888889
 16.66666667 18.25 20.47058824 17.33333333 10.28571429 19.33333333
1.08333333 16.285714293.618.75 10.912.66666667
 19.11111111 21.333333335.6 4.14285714 13.222222220.125
3.333333335.8 3.8 6.11111111 22.55555556 15.875
5.666666675.214.222222228.66666667 11.666666673.875
 10.7 6.307692318.384615381.285714298.472222220.5
2.88888889 15.413.35294118 18.333333333.66666667 16.8
6.42857143 22.756.888888894.628.422.25
9.22222222 20.285714299.62516.24 15.692307698.28571429
9.76 25.16666667 11.428571436.83333333 14.111.71428571
9.752.250.90909091 14.6 9.910.2
7.57142857 24.4 1.4 7.810.42857143 21.66666667
 14.2 


col2292:
15.4. 16.8. 24.2. 22.1. 10. 11. 21.9. 13.5.3. 20.6. 14.
 23.7. 12. 19. 17. 31. 27. 18. 29. 26. 32. 33. 25. 28.30.


col2293:
15.3. 16.8. 24.4. -1. -2. 21. 22.1.7.2. 11. 10.9.5.6.
 13. 14. 20. 12. 17. 31. 18. 29. 26. 32. 27. 23. 19. 33. 25. -3.30.
 28.


col2294:
15.3.516.8. 24.4.
0.5 0. 21.922.1. 11.33333333
2.9.25 11.1.85714286 10. 21.
9. 12.5.3. 11.5 9.11111111
 13. 16.4 6. 14. 20.7.
 17.285714293.083333337.258.517. 31.
 16.33333333 18.9.92857143 29. 26. 12.25
7.66666667 12.57142857 32.6.4 6.333333334.93333333
 21.71428571 19. 10.33333333 27. 23. 16.5
6.57142857 33.4.513.515.666666679.5
3.846153857.75 25. 21.85714286 10.37519.75
 14.25 15.571428572.753.75 22.5 8.25
 17.5 2.4 4.09677419 13.666666676.25 16.25
 20.5 9.8 1.66666667 10.25 17.25 14.5
6.857142866.52.66666667 11.8 5.57142857
6.75 15.512.857142866.630. 26.75
4.45454545 21.413.85714286 10.510.66666667 19.8
 18.215.25 12.514.1 5.333333336.8
4.33333333 12.333333332.5 5.528. 14.75
1.57142857 17.66666667 13.14285714 15.759.85714286 24.21818182
 10.090909095.75 13.810.71428571 14.8 1.6
 23.2 9.66666667 14.66666667 15.2 8.210.11111111
8.14285714 11.11111111 23.8 1.514.85714286 19.25
 24.85714286 17.676470594.25 -0.5 8.681818187.33333333
 23.25 17.875 6.647058822.37521.5 4.71428571
0.87514.333333337.625 9.142857142.846153856.66666667
 11.2 9.285714297.513.113.415.14285714
 26.523.5 8.612.42857143 12.714285719.4
6.75806452 23.753.2 9.6 8.66666667 16.27272727
4.37517.62517.420.571428571.755.6
 17.6 4.4 4.55555556 13.642857144.2 7.375
5.25 19.511.58333333 12.58823529 24.519.14285714
1.37510.222222227.583333333.4375 18.66666667 24.28571429
 17.714285710.75 19.620.142857149.166666672.3
6.285714292.384615384.42857143 26.14285714 13.75 14.42857143
 10.757.857142867.219.4 8.8 8.57142857
1.810.72727273 11.758.420.25 23.18181818
 14.64285714 13.333333333.4 6.224.666666676.83333333
 18.755.8 5.85714286 18.5 5.12511.25
 14.224.421.758.333333334.75 17.1
 19.111111112.213.363636368.44444444 12.4 1.25
1.42857143 20.617.4375 17.75 24.25 10.4
 13.408163272.85714286 12.666666670.28571429 11.666666677.27272727
 13.25 10.68571429 16.755.142857146.16666667 25.33333333
5.4 1.142857147.6 5.90909091 16.714285717.58823529
 22.614.176470591.941176474.85714286 12.44444444 15.4
8.75 11.12522.810.78571429 13.285714294.54545455
 21.363636362.57142857 18.28571429 16.21428571 19.285714299.33333333
7.81818182 15.833333337.121.666666679.571428577.45454545
 13.610.610.8 1.92857143 23.33333333 18.33333333
 10.07692308 29.5 3.714285712.42857143 26.33333333 15.71428571
0.142857143.57142857 13.7 5.714285716.777777788.71428571
 29.555555569.225.83333333 16.88888889 16.66666667 18.25
 20.36363636 17.33333333 16.28571429 13.42857143 10.9 3.79166667
5.231.857142864.14285714 13.222222220.12522.83333333
6.909090916.1 3.8 6.11111111 15.622.55555556
 15.875 5.666666677.555555566.714285717.44444444 14.22222222
 10.153846153.87517.56256.30769231 22.252.8
9.9 7.125 1.285714297.722.88888889 13.44444444
3.25 14.133333339.46666667 16.8 6.428571433.66666667
7.42857143 22.756.88888889 29.428571439.714285719.22222222
 20.28571429 10.26086957 16.24 15.69230769 29.33333333 13.45454545
8.285714299.76 20.63636364 25.511.428571435.875
 16.85714286 17.14285714 11.714285714.66666667 14.610.28571429
 10.2 7.571428571.4 7.810.42857143


col2310:
 204857. 232846. ... 195805. 149305. 179466.


col2311:
95379. 232846. ... 195805. 149305. 179466.


col2312:
 150118. 232846. ... 195805. 149305. 179466.


col2316:
179564. 204857. 190542. ... 195805. 149305. 179466.


col2317:
179564.95379. 190542. ... 195805. 149305. 179466.


col2318:
179564. 150118. 190542. ... 195805. 149305. 179466.


col2334:
7938208.758280003.76 ...4863796.210079580.55
6272336.7 


col2335:
 318565.868280003.76 ...4863796.210079580.55
6272336.7 


col2336:
 4128387.3058280003.76...4863796.2 10079580.55
6272336.7


col2340:
 6801884.327938208.757002418.5...4863796.210079580.55
6272336.7 


col2341:
 6801884.32 318565.867002418.5...4863796.210079580.55
6272336.7 


col2342:
 6801884.32 4128387.3057002418.5 ...4863796.2 10079580.55
6272336.7


col2358:
1.2.4.3.


col2359:
1.2.4.3.


col2360:
1. 2. 4. 3. 1.75
 1.85714286 2.51.66666667 1.51.21.8
 1.25 1.33333333 2.75 1.3751.42857143 2.14285714
 1.32352941 1.68181818 1.61.28571429 2.64 1.4
 2.66666667 2.16666667 1.1251.71428571 1.16666667 2.25
 2.83333333 2.57142857 1.57142857 3.52.62.2
 2.33333333 1.72.71428571 2.11111111 1.3125 2.4
 1.58333333 2.44444444 1.78571429 2.63636364 2.90909091 1.83333333
 2.3751.88888889 1.29411765 1.23076923 2.22222222 2.625
 2.42857143 2.55555556 2.88888889 1.53846154 1.35294118 2.125
 1.80769231 1.6252.8 


col2364:
 1.2.3.4. 


col2365:
 1.2.3.4. 0.


col2366:
1. 2. 3. 4. 1.51.75
 1.85714286 1.32.51.25 2.25 1.66666667
 1.53846154 1.42857143 1.21.82.42857143
 1.61.33333333 1.3752.85714286 2.14285714 1.32352941
 1.71428571 1.68181818 1.69230769 1.41.28571429 2.325
 2.21.57142857 1.14285714 2.66666667 1.32 2.16666667
 1.35714286 1.1251.63636364 1.16666667 2.83333333 2.57142857
 3.22.55555556 3.51.27272727 2.75 2.54545455
 1.6252.33333333 0.81.71.77777778 2.11111111
 1.3125 1.32692308 2.41.74285714 1.58333333 1.90909091
 2.37837838 1.37254902 1.91666667 1.78571429 2.63636364 2.90909091
 1.88888889 2.3751.83333333 1.31428571 2.71428571 1.15789474
 2.22222222 2.6251.44444444 1.55555556 1.46153846 2.13333333
 1.52631579 1.72413793 2.17391304 1.80769231 1.36363636 2.8
 1.54545455


col2382:
 38.75 35.56 ... 55.48 40.86 34.9 


col2383:
3.34 35.56 ... 34.9 1.367.51


col2384:
21.045 35.56... 40.1548.2 67.51 


col2388:
37.88 38.75 36.75 ... 60.34 55.58 40.86


col2389:
37.883.34 36.75 ...5.140.86 67.51


col2390:
37.8821.045 36.75... 32.955 48.2 67.51 


col2412:
 14.315.24 39.64 33.61 13.86 13.25 38.97 40.49 41.74 15.79 13.91
 16.114.17 12.23 34.814.916. 24.44 12.19 25.85 21.66 10.82 16.27
 12.218.88 23.769.41 15.56 42.88 14.06 13.41 10.932.229.88 10.77
 14.414.578.87 13.15 26.06 14.12 24.14 54.959.030.9.91 13.38
 14.38 13.24 26.88 13.928.41 12.5 9.94 12.726.515.55 14.02 10.2
 22.92 26.215.88 14.514.46 20.87 10.449.98 25.07 30.97 12.17 14.37
 12.97 34.81 29.83 15.07 12.05 15.91 24.48 13.425.221.214.68 22.78
 14.82 14.84 27.03 12.414.14 30.09 11.94 27.989.08 10.06 29.08 28.39
8.53 15.97 39.47 26.68 39.23 10.51 13.95 14.08 42.98 15.179.81 12.75
 27.16 12.379.92 23.351.08 15.43 13.859.47 13.87 35.19 14.24 20.09
 21.96 20.66 14.18 13.99 25.81 39.759.07 10.5 9.02 26.39 59.02 11.
 12.66 22.649.13 37.22 15.22 13.58 23.39 27.47 27.57 24.99 14.41 15.19
 14.28 14.36 10.53 41.113.52 13.45 10.834.35 23.87 17.414.39 14.09
 53.216.06 25.82 25.36 12.18 19.91 31.19 10.09 34.95 12.49 42.52 17.46
 11.74 12.74 39.92 10.15 41.86 28.29 27.919.74 18.11 15.41 12.59 11.3
 11.57 22.82 11.18 28.34 14.32 32.83 27.44 14.07 29.06 37.06 13.96 13.67
 11.84 12.57 29.57 11.88 33.21 14.45 28.79 28.815.27 41.616.23 25.35
 30.019.131.76 31.89 16.82 17.931.22 12.42 14.16 15.12 35.217.04
 13.26 10.11 28.61 14. 15.16 27.019.97 17.12 44.48 10.76 10.83 11.55
 10.38 27.04 14.27 13.79 25.18 19.75 10.03 28.31 28.759.913.47 32.51
 28.49 11.53 39.02 30.112.63 12.52 18.79 17.33 30.25 29.31 40.91 30.17
 14.215.32 21.628.27 43.49 28.21 31.913.57 15.339.54 10. 14.69
 15.02 27. 32.949.61 16.07 40.37 30.68 28.47 13.92 12.825.725.3
 44.55 21.13 35. 18.34 35.7 9. 33.713. 44.541.32 29.28 23.2
 52.214.94 12.58 12.09 24.86 40.17 14.49 16.352.825.1 9.24 23.74
 42.94 14.89 29.12 25.54 32.523.068.56 11.114.19 28.227.733.66
 19.95 13.97 12.89 26.66 24.84 16.75 20.31 19.21 25.83 14.52 27.21 39.7
 30.04 34.68 30.919.07 15.25 15. 12.218.214.77 14.03 27.99 23.09
 25.99 41.733.42 13.84 25.02 41.84 17.43 42.13 10.14 14.71 48.522.16
8.11 11.73 27.96 34.47 21.915.01 22.738.71 30.77 25.97 31.233.14
 12.11 23.71 45.36 12.24 11.02 17.139.56 11.85 10.32 10.48 38.05 11.03
 31.44 39.33 36.04 14.63 19.23 41.228.72 21.46 25.86 13.35 35.85 37.07
9.314.124.94 29.45 13.242.36 31.12 22.27 13.98 43.959.64 19.09
 31.824.63 26.25 11.28 15.51 12.67 27.49 14.85 16.17 31.34 29.65 24.97
 19.53 13.01 14.25 11.99 14.51 20.25 17.87 14.742.51 26.113.12 12.25
 29.25 12.43 20.62 24.49 32.97 26.14 11.21 28.24 20.32 11.639.28 24.3
 32.93 14.158.85 14.21 38.99 25.48 29.07 25.24 25.04 29.22 13.43 20.3
 10.67 13.78 13.46 25.51 31.94 43.45 34.65 45.76 23.79 31.48 25.71 32.8
 12.54 17.09 12.928.51 12.81 28.92 34.318.67 13.118.623.728.3
 26.643.218.17 16.83 13.239.15 25.12 11.49 47.66 19.62 20.56 20.97
 36.62 39.139.34 33.09 12.84 15.13 11.918.925.614.74 30.514.54
 17.11 28.911.212.41 32.84 26.48 21.34 11.430.27 11.740.410.64
 12.86 27.830.29 41.536.01 11.93 12.126.07 27.62 28.87 13.88 27.09
 28.58 42.25 16.74 17.54 14.95 13.06 21.73 27.54 12.98 52.81 14.04 23.15
 11.14 24.140.23 52.48 22.918.64 12.12 20.07 12.71 29.01 31.64 15.04
 13.83 11.828.44 35.94 14.61 21.5 9.53 25.69 20.27 24.27 28.430.14
 12.14 32.927.75 13.81 41.827.46 28.541.78 23.920.169.35 42.
 28.42 11.58 31.51 12. 34.46 28.07 11.11 28.15 24.934.735.12 58.1
 31.46 26.15 17.52 12.568. 21.63 12.85 12.87 31.47 25.52 42.03 14.93
 21.98 28.57 29.13 16.56 38.09 19.37 34.69 32.52 15.553.92 20.71 27.97
 37.09 42.67 42.59 12.36 12.28 43.313.72 45.18 11.95 36.613.37 14.34
 27.512.079.56 27.913.710.69 40.41 50.44 24.32 12.32 29.818.7
 45. 29.14 11.924.74 25.73 27.88 12.15 41.64 25.96 27.611.54 20.08
 20.422.25 22.45 33.54 42.75 40.712.94


col2413:
 14.315.24 39.64 33.61 12.59 13.25 38.97 14.38 41.74 15.79 13.91
 16.114.17 12.23 34.814.916. 24.44 12.19 25.85 21.66 10.82 16.27
 12.218.88 22.369.41 12. 42.88 13.45 13.41 10.932.229.88 10.77
 14.414.578.87 13.15 26.06 14.12 24.14 54.959.030.9.91 13.38
 12.09 26.88 13.928.41 12.439.94 12.726.515.55 14.02 10.222.92
 26.215.88 14.46 16.21 10.429.98 25.07 30.97 12.17 14.37 12.97 14.36
 34.81 13.214.21 12.512.05 15.91 24.48 13.425.221.214.68 14.82
 14.84 27.03 12.413.12 30.09 11.94 25.189.08 10.06 29.08 28.398.53
 15.97 39.47 26.68 13.87 39.23 10.51 13.95 14.08 42.98 15.179.112.75
8. 40.49 12.37 23.351.08 15.43 13.859.47 35.19 14.24 20.09 21.96
 20.66 14.18 13.99 25.81 39.759.07 10.5 9.02 26.39 59.02 11. 12.66
 22.64 37.22 15.22 12.18 23.39 27.47 24.63 24.99 14.41 15.19 13.58 14.28
 13.47 10.53 41.110.834.35 23.87 17.414.39 27.98 14.09 53.216.06
 25.82 14.14 25.36 14.511.28 19.91 31.19 14.07 10.09 34.95 12.49 25.35
 17.46 15.16 11.74 12.74 39.92 10.15 41.86 28.29 23.05 18.2 9.74 14.43
 15.41 11.311.57 22.829.92 28.34 14.32 32.83 27.44 29.06 37.06 13.24
 13.96 13.67 11.84 12.57 17.33 11.18 29.57 11.88 33.21 14.45 28.79 15.27
 41.630.019.13 31.76 16.82 11.913.86 12.42 31.22 14.16 15.12 35.2
 17.04 13.26 10.11 28.61 14. 27.019.97 17.12 44.48 10.76 10.83 11.55
 10.38 27.04 14.27 13.79 19.75 10.03 13.84 28.759.932.51 28.49 39.02
 30.112.63 12.52 18.34 30.25 29.31 40.91 30.17 14.215.32 21.628.27
 43.49 28.21 31.913. 13.57 15.339.54 10. 14.69 15.02 27. 32.94
9.61 16.07 40.37 30.68 12.32 13.92 12.825.744.55 12.58 25.325.83
 35. 35.7 9. 11.53 38.241.32 29.28 23.252.213.16 24.86 40.17
 14.49 16.352.8 9.24 25.54 11.85 10.85 42.94 14.89 29.12 32.523.06
8.56 11.114.19 28.227.714.94 19.95 13.97 12.89 26.66 24.84 16.75
 20.31 19.21 10.01 16.23 14.52 25.77 10.413.49 30.919.07 15.25 15.
 12.214.77 14.03 15.13 27.99 23.09 41.733.42 25.02 41.84 44.517.43
 42.13 10.14 14.71 22.168.11 11.73 27.57 27.96 34.47 21.915.01 19.59
 38.71 30.77 20.72 31.233.14 12.11 23.71 45.36 12.24 11.02 17.07 39.56
 15.56 10.32 10.48 38.05 11.03 31.44 39.33 36.04 14.63 19.23 11.841.2
 21.46 25.86 13.35 35.85 37.079.819.314.124.94 28.829.45 42.36
 31.12 31.89 22.27 13.98 16.94 29.839.648.931.826.25 15.51 27.49
 14.85 18.11 16.17 31.34 29.65 24.32 19.53 13.01 14.25 11.99 14.51 20.25
 17.87 12.87 14.742.51 12.25 29.25 24.49 32.97 11.21 28.24 20.32 39.24
 21.13 24.326.132.84 14.158.85 25.48 29.07 22.45 25.04 13.43 20.3
 10.67 10.44 13.78 13.46 25.51 12.71 31.94 43.45 34.65 45.76 23.79 31.48
 25.71 28.72 12.54 17.09 12.928.51 12.81 28.92 34.318.67 12.67 13.11
8.623.728.343.218.17 16.83 13.239.15 25.12 11.49 34.46 47.66
 19.62 12.12 36.62 39.139.34 33.09 12.84 25.24 11.917.83 25.611.2
 18.14 14.54 17.11 13.77 12.41 31.64 26.48 21.34 11.430.27 11.740.4
 10.64 12.86 24.130.29 41.536.01 11.93 12.126.07 20.56 27.62 28.87
 13.88 12.85 28.58 16.74 13.114.95 13.06 27.54 12.98 25.08 52.81 14.04
 34.68 23.15 11.14 11.610.95 24.72 52.48 22.918.64 20.07 32.93 29.01
 10.75 36.53 28.44 35.94 10.325.69 20.27 23.98 28.430.14 12.14 32.9
 42.52 27.75 13.81 35.628.541.78 12.26 23.920.16 40.7 9.35 22.7
 42. 28.42 11.58 11.11 28.15 24.934.729.22 58.110.73 29.526.15
 21.63 18.27 42.03 21.98 28.57 12.51 16.48 29.13 28.31 16.56 26.14 19.37
 18.72 32.52 15.518.61 27.97 42.59 12.36 13.72 10.39 11.95 17.74 36.6
 13.37 14.34 27.512.079.56 27.911.05 13.710.69 25.117.84 15.63
 50.44 29.815.98 18.645. 29.14 24.74 25.73 10.127.88 12.15 41.64
 25.68 25.96 27.611.54 20.422.25 45.18 22.78 12.94


col2414:
 14.315.24 39.64 33.61 13.41333333
 13.25 38.97 27.43541.74 15.79 13.91
 16.114.17 12.23 34.814.916.
 24.44 12.19 25.85 21.66 10.82 16.27
 12.218.88 23.2 9.41 13.78 42.88
 13.61166667 13.41 10.932.229.88 10.77
 14.414.578.87 13.15 26.06 14.12
 24.14 54.959.030.9.91 13.38
 14.38 12.9525 26.88 13.928.41 12.444
9.94 12.726.515.55 14.02 10.2
 22.92 26.215.88 14.43333333 14.46 18.57333333
 10.433333339.98 25.07 30.97 12.17 14.37
 12.97 14.42666667 34.81 17.5225 14.64 12.5
 12.05 15.91 24.48 13.425.221.2
 14.68 16.84 14.82 14.84 27.03 12.4
 13.88530.09 11.94 26.113333339.08 10.06
 29.08 28.398.53 15.97 39.47 26.68
 14.41285714 39.23 10.51 13.95 14.08 42.98
 15.179.57333333 12.75 16.87923077 40.49 12.37
9.6975 23.351.08 15.43 13.859.47
 13.87 35.19 14.24 20.09 21.96 20.66
 14.18 13.99 25.81 39.759.07 10.5
9.02 26.39 59.02 11. 12.66 22.64
8.9425 37.22 15.22 13.23 23.39 27.47
 25.36524.99 14.41 15.19 13.58 14.28
 13.91510.53 41.111.75213.45 10.8
 34.35 23.87 17.414.39 27.98 14.09
 53.216.06 25.82 14.14 25.36 14.5
 12.68 12.18 19.91 31.19 13.71416.328
 10.09 34.95 12.49 33.93517.46 15.63
 11.74 12.74 39.92 10.15 41.86 28.29
 25.48 30.714 9.74 16.00714286 15.41 12.59
 11.311.57 22.82 10.55 28.34 14.32
 32.83 27.44 14.07 29.06 37.06 13.24
 13.96 13.679.83 11.84 12.57 30.105
 11.18 29.57 11.88 33.21 14.45 28.79
 21.35 15.27 41.614.31514.37333333 25.35
 12.25217.60666667 30.01 14.093333339.13 10.02
9.131.76 23.17516.82 15.913.96666667
 13.9012531.22 12.42 14.16 15.12 35.2
 17.04 13.26 10.11 28.61 14. 15.16
 27.019.97 17.12 44.489.92 10.76
 10.83 11.55 10.38 27.04 14.27 13.79
 25.18 19.75 10.03 20.46428571 28.75 14.96666667
9.913.47 32.51 28.49 14.38727273 11.03
 39.02 14.368.92666667 30.112.63 12.52
 18.45 17.33 13.90333333 13.86 30.25 29.31
 14.73333333 40.91 30.17 14.215.32 13.8625
 11.61421.628.27 43.49 14.48666667 13.31
 28.21 13.08531.912.67 13.75 13.57
 15.339.54 28.55428571 10. 14.69 15.02
 27. 32.949.61 16.07 40.37 30.68
 16.3575 13.18 13.92 12.823.65714286 25.7
 14.11 19.20772727 44.55 16.85514.25525.3
 26.92333333 35. 18.34 35.7 9. 11.53
 26.51333333 13. 41.35 41.32 29.28 52.2
 14.2725 12.58 12.09 24.86 40.17 14.49
 16.314.8312552.8 9.32333333 21.559.24
 30.55 11.86714286 18.01111111 12.57666667 10.92 42.94
 14.89 29.12 25.54 32.523.068.56
 11.1 8.93333333 14.19 28.227.724.3
 19.95 13.97 14.37812.89 26.66 24.84
 16.75 20.31 19.21 25.83 12.06516.23
 14.52 26.56225.05 20.56 23.05142857 30.9
9.1125 11.52519.07 20.07415.25 15.
 12.212.44333333 18.214.77 14.03 15.215
 27.99 23.09 16.43428571 41.733.42 13.2925
 13.84 25.02 24.68514.60666667 41.84 44.5
 17.43 42.13 10.14 14.71 22.08515.245
 22.168.11 11.73 27.57 13.65527.96
 34.47 14.54221.915.01 21.14538.71
 30.77 24.6575 31.14520.76333333 31.233.14
 12.11 13.623.71 45.36 12.24 11.965
 11.02 17.08839.56 11.85 15.56 35.68666667
 10.32 10.48 38.05 31.44 14.3075 39.33
 13.66414.38536.04 14.63 19.23 12.0325
 41.228.49521.46 25.86 13.35 35.85
 13.74666667 37.07 13.102 9.819.314.1
 24.94 28.829.45 13.242.36 31.12
 14.12531.89 11.06522.27 13.98 28.89666667
 27.66285714 29.839.64 14.56111111 31.824.63
 26.25 11.28 15.51 12.64333333 27.49 14.85
 18.119.7775 16.17 31.34 29.65 24.58
 19.53 22.25666667 13.01 14.25 11.99 14.51
 20.25 17.87 13.1125 16.71514.742.51
 22.72512.75333333 12.25 12.31529.25 12.43
 14.62666667 13.48666667 24.49 32.97 23.411.21
 12.47528.24 21.37 20.32 24.884 9.3325
 41.58 11.25 42.90571429 13.12 21.13 32.56888889
 26.121.65 32.9075 14.86514.158.85
 14.9875 14.21 13.21 38.87813.89829.07
 24.12425.04 10.07519.28714286 24.502 9.23
 13.43 20.310.67 11.56 13.61513.46
 25.51 16.71831.94 43.45 34.65 45.76
 23.79 31.48 25.71 21.84514.62 14.12857143
 29.53612.54 17.09 12.928.51 12.81
 28.92 14.61534.3 8.70518.67 29.486
 13.11 25.49527.23666667 10.865 8.623.7
 13.99428571 26.17525.40514.01211.43 28.3
 22.33 26.24520.25643.218.17 11.51666667
 16.83 13.09 14.7925 29.639.15 25.12
 11.49 11.56532.60666667 13.34 35.5225 10.96
 47.66 39.32512.14519.69 19.62 14.23
 16.44333333 36.62 14.28539.112.55 39.34
 34.27777778 33.09 12.84 15.13 25.24 17.105
 27.28 11.91 13.14257.98285714 25.641.52666667
 26.37 12.28614.54 17.11 28.86514.3925
 21.33515.59211.212.41 32.24 26.48
 21.34 20.67811.4 9.00524.96516.96
 34.11830.27 12.34 26.12666667 11.714.35333333
 40.410.64 12.86 25.95 30.29 41.5
 28.06 36.01 11.93 12.111.649.6
 26.07 26.93 27.62 28.87 36.415 9.77
 13.88 25.86571429 20.28166667 28.58 18.82841.9425
 16.749.63615.76414.93333333 10.53666667 14.95
 13.06 22.27885714 16.06527.54 12.98 27.045
 52.81 14.04 14.25333333 34.68 28.65 23.15
 11.14 21.27625.71513.22 20.94235294 26.65285714
 27.67555556 52.48 15.212.72857143 22.918.64
 23.24545455 24.112.12 20.07 32.93 10.815
 12.71 29.01 31.64 12.89515.40714286 11.61666667
 39.52 11.828.44 35.94 14.07333333 10.346
 21.74666667 14.069.2075 25.69 20.27 11.626
 25.42454545 18.25411.98 19.07428.430.14
 24.93 12.03237.7375 13.77 12.14 32.9
 26.04511.84542.52 14.08427.75 13.56857143
 13.81 12.65 38.715.96827.07 28.5
 41.78 18.08142857 23.923.08 20.16 41.0875
 13.676 9.35 22.7 9.80542. 15.88666667
 28.428.04411.58 14.66 27.40333333 14.1375
 15.81 32.07333333 12. 10.334.46 18.105
 21.07 26.5475 11.11 13.76 28.15 24.9
 27.36666667 34.730.21 18.14531.65571429 13.455
 29.22 58.111.26530.34 11.86833333 24.1225
 26.15 24.63333333 16.31610.773333338. 21.63
 14.56411.05512.85 12.87 16.09736842 14.3175
 18.156 9.6425 23.11619.83816.92542.03
 11.57666667 21.98 28.57 21.69857143 20.69666667 12.13333333
 29.13 28.31 16.56 29.44219.37 26.705
 16.73 32.529.40615.5 9.45384615 20.185
 27.97 21.9062519.737272739.93333333 42.59 12.36
 13.99714286 15.53442.87527.59 11.613.72
 19.39086957 11.95 18.82714286 36.613.37 42.66
 14.34 34.29811.5425 27.512.079.968
 13.34857143 11.72542.11 28.19413.812 9.56
 27.916.25627.03811.95714286 13.710.69
 25.131.88 20.27285714 20.2187550.44 12.3
 13.28513.99514.825.41333333 12.58285714 24.32
 12.32 13.57529.822.05218.67545.
 31.78666667 29.14 11.940.47531.37624.74
 23.99525.73 11.02222222 27.88 12.15 41.64
 22.07142857 25.45285714 31.036666679.2675 31.80285714 25.96
 27.611.54 20.422.3 9.728 9.05666667
 28.72 22.25 45.18 30.91622.45 27.64857143
 29.0475 40.712.94


col2436:
 11.9.38 10.295.28 15.29 17.21 11.875.25 10.23 11.288.99
5. 15.711.913. 14.52 12.05 17.189.694.95 11.1 5.04 12.
 11.688.195.37 15.724.93 12.47 10.12 11.09 10.075.080. 11.48
 13.94 10.916. 10.6 5.095.114.499.41 10.33 12.615.075.21
 10.55 10.78 13.23 11.01 11.47 11.59 11.311.525.065.01 11.05 12.23
 13.06 13.24 11.212.67 15.32 17.44 11.04 10.32 16.565.29 16.08 11.72
4.91 14.31 13.119.954.9 9.06 16.78 12.82 11.544.966.114.04
 10.03 10.134.32 12.88 11.89 10.95 16.77 16.985.025.135.27 10.34
 12.16 11.56 11.36 12.22 10.89 14.148.05 13.35 12.24 14.85 14.94 15.52
 10.18 10.97 15.04 17.410.11 16.624.515.97 13.779.29 11.713.32
 10.21 10.76 11.92 11.410.114.65 11.42 16.23 10.54 10.875.19 16.11
 16.634.98 12.32 16.29 15.54 12.08 13.21 12.14 14.55 10.479.66 13.36
 12.299.72 14.474.788.175.22 14.349.48 13.95 12.710.83 10.75
 10.77 12.35 10.734.579.512.27 16.455.31 11.087.058.87 11.51
 15.511.858.3 5.055.03 10.01 15.319.889.716.35 17.11 13.98
4.74 10.85 10.16 14.01 11.274.97 16.594.04 11.25 10.58 16.48 15.07
 15.05 10.98 15.984.99 17.07 12.26 14.36 11.659.71 15.77 10.198.48
5.24 16.02 14.39 16.55 11.57 10.52 11.188.74 11.74 13.86 11.349.43
9.64 10.812.539.964.89 12.66 10.27 16.798.67 15.6 5.34 13.64
 12.92 14.97 13.92 10.24 17.589.98 10.92 13.18 12.58 14.334.92 11.88
 12.86 15.78 11.99 10.15 13.78 12.81 16.3 5.211.21 11.07 15.66 11.17
 10.06 15.216.589.42 10.93 10.04 10.35 16.87 14.699.979.869.65
 10.44 15.113.175.4 4.514.87 11.15 16.75 21.43 16.8 5.85 14.66
 13.68 15.82 16.86 11.12 10.25 16.95 10.494.88 13.389.76 10.39 17.25
 12.34 12.254.94 15.13 15.11 15.43 13.75 10.384.76 12.03 14.76 16.52
 13.41 11.94 15.79 14.026.89 17.85 10.664.83 15.71 10.02 15.46 13.31
 10.6.359.53 20.89 12.96 13.27 17.35 11.84 17.08 13.65 12.159.93
 14.67 13.025.26 13.99 14.95 11.96 13.14 10.714.71 16.97 14.283.32
5.54 15.81 11.86 16.43 16.5 4.64 10.949.36 15.45 18.094.37 10.56
 14.88 16.65 17.312.818.43 16.098.045.333.84 16.82 17.74 15.36
 10.575.18 14.62 14.23 10.46 13.52 10.149.055.17 15.39 10.423.
 12.44 12.63 10.82 15.91 14.27 14.039.23 12.611.11 10.48 14.615.22
 17.155.16 10.69 13.25 20.029.92 10.31 10.512.415.47 12.65 16.44
 16.019.4 5.127.32 12.029.87 10.412.836.76


col2437:
 11.9.38 10.294.97 15.29 17.21 11.485.25 10.23 11.288.99
5. 15.711.913. 14.52 12.05 17.189.694.95 11.1 5.04 12.
 10.2 8.195.37 15.724.93 12.47 10.12 11.09 10.075.080. 13.94
 10.910. 16. 10.6 5.095.114.499.41 10.33 10.285.075.21
 10.55 10.78 13.23 10.97 11.478.67 11.311.525.065.01 11.05 12.23
 13.06 13.24 11.212.67 15.32 11.04 10.32 13.775.29 16.08 11.724.91
 14.31 13.119.954.9 9.06 11.01 16.78 12.82 11.544.94 11.876.1
4.98 14.04 10.03 10.134.32 12.88 11.89 10.95 16.77 16.985.025.13
5.27 10.34 12.16 11.56 11.36 12.22 10.89 14.148.05 10.01 12.24 14.85
 14.94 15.52 10.184.04 15.04 17.4 4.96 16.624.515.979.29 10.8
 13.32 10.21 10.76 11.92 10.75 10.114.65 11.42 15.13 10.545.19 16.11
 16.63 12.32 16.29 15.54 12.085.28 13.21 12.14 14.55 10.479.66 13.36
 12.299.72 10.98 14.474.78 11.4 8.175.22 14.349.48 13.95 10.15
 17.449.92 16.23 10.77 12.35 10.194.57 11.689.5 9.655.31 11.08
 16.567.058.87 11.51 15.511.858.3 5.055.03 15.31 10.879.88
9.716.35 17.11 13.984.74 10.85 10.16 14.01 11.27 16.59 11.25 10.58
 16.48 15.07 15.054.99 17.07 12.26 10.92 14.36 11.659.71 15.778.48
5.249.98 16.02 14.39 16.55 10.35 11.188.74 11.74 13.86 11.349.43
9.64 12.539.964.89 12.712.66 10.14 10.27 16.79 15.615.985.34
 13.64 12.92 14.97 13.92 10.31 10.24 17.58 12.58 13.18 14.334.92 11.88
 10.57 15.78 11.99 13.78 12.815.2 9.32 10.36 11.07 15.66 11.17 10.06
 15.216.58 10.739.36 12.27 10.93 10.04 10.11 16.879.979.86 10.44
 15.113.175.4 4.514.87 11.15 16.75 21.43 16.811.7 5.85 14.66
 13.68 15.82 16.86 10.25 16.95 10.494.88 13.38 10.39 17.25 12.34 10.83
 12.25 15.11 14.95 13.75 10.38 12.039.45 11.59 14.76 13.35 16.52 13.41
 11.94 15.79 14.026.89 17.85 10.664.83 10.02 11.57 15.46 13.316.35
9.53 12.15 11.499.76 13.27 11.844.76 17.08 13.659.93 10.52 14.67
 13.028.6 5.26 13.99 11.96 13.14 10.714.713.325.548.16 11.86
 16.434.64 10.94 15.45 18.094.37 10.56 17.312.813.37 12.63 18.43
8.045.333.84 17.749.42 15.36 14.62 14.23 10.46 13.529.05 11.21
5.179.84 15.39 10.423. 16.093.87 14.27 14.039.85 14.889.23
 12.611.11 10.48 14.615.22 10.61 17.155.16 10.69 13.25 15.71 12.83
9.14 10.512.412.65 16.44 16.01 11.029.4 5.127.32 16.97 12.02
9.87 10.4 6.76 15.81


col2438:
 11.9.38 10.295.08333333 15.29
 17.21 11.675 5.25 10.23 11.288.99
5. 15.711.913. 14.52 12.05
 17.189.694.95 11.1 5.04 12.
 10.863333338.195.37 15.724.93 12.47
 10.12 11.09 10.075.080. 11.48
 13.94 10.910.01416. 10.6 5.09
5.114.499.41 11.03333333 10.33 11.10333333
5.075.21 10.55 10.78 13.23 10.99666667
 11.479.77 11.311.525.065.01
 11.05 12.23 13.06 13.24 11.212.67
 15.32 14.3125 11.04 10.32 15.635.29
 16.08 11.724.91 14.31 13.119.95
4.964.9 9.06 11.01 16.78 12.82
 11.544.94666667 11.876.1 5.00514.04
 10.03 10.134.32 12.88 11.89 10.95
 16.77 16.985.025.135.27 10.34
 12.16 11.56 11.364.9625 12.22 10.89
 14.148.05 12.51512.24 14.85 14.94
 15.52 10.187.50515.04 17.416.6
 24.515.97 13.779.29 11.25 13.32
 10.21 10.76 11.92 11.075 7.52 10.984
4.95666667 10.114.65 11.42 15.68 10.54
 10.485 5.19 16.11 16.634.98 12.32
 16.29 15.54 14.17 12.085.28 13.21
 12.144.51 14.55 10.479.66 13.36
 12.294.979.72 11.49 14.474.78
 11.4 8.175.22 14.349.48 13.95
 11.810.66 17.44 10.34666667 10.75 16.23
 10.77 14.67333333 12.354.575.01411.68
9.512.14333333 11.775 5.31 11.08 16.56
7.058.87 11.51 15.511.858.3
5.055.03 10.01 15.31 10.879.88
9.716.35 17.11 13.984.74 10.85
 10.16 14.01 11.27 10.86571429 16.59 10.70333333
4.048.768181824.99510.58 16.48 10.97
5.06333333 15.07 15.05 10.98 15.666666674.99
 17.07 12.26 12.46666667 14.36 11.659.71
 15.77 10.198.485.24 11.02210.064
 16.02 14.39 16.55 10.43511.185.16
8.8.74 11.74 12.54857143 13.86 11.34
9.439.64 10.8 5.06142857 12.536.18
9.964.89 13.81428571 12.66 10.8525 10.27
 16.797.669.85758.25666667 15.615.98
5.34 13.64 12.92 14.97 13.92 12.44375
 10.24 17.589.86625 4.563333339.98 14.935
5.215714295.053333336.3025 10.92 13.18 12.58
 14.334.924.92666667 11.88 11.58511.468
 15.78 11.99 10.158.67 13.787.705
 12.81 14.938 5.210.44810.92142857 11.07
4.94756.978.18615.669.35 11.17
 10.06 15.216.58 10.739.39 12.27
 10.93 10.04 15.738571435.0075 10.11 10.35
 16.879.815.9 9.603333339.979.86
9.65 10.44 15.113.17 10.5 5.4
4.514.87 14.465 5.01811.15 16.75
 10.08821.43 16.811.29510.48666667 11.7
5.85 14.66 13.685.14 15.82 16.86
 11.07810.25 16.95 10.49 12.416666674.88
 13.38 10.85758.888 9.73510.39 17.25
 10.12411.17512.34 10.838.95 12.25
5.166 4.94 15.13 10.13333333 12.715.11
 13.75 10.17 10.384.75 12.03 12.87333333
 10.33857143 11.59 14.76 13.35 16.52 13.41
6.54 11.94 15.79 13.00333333 14.026.89
 17.859.4018754.83 14.8662511.138.12333333
 10.02 11.57 15.467.96513.318.2
 10. 11.283333338.823333338.945 6.35 13.09
 15.218571439.53 17.42333333 12.3525 10.16511.73
 14.92259.60714286 13.57810.91213.27 17.062
 11.84 13.822 4.968 4.76 17.08 13.65
 12.159.936.78610.52 14.67 13.02
8.15 11.07142857 10.695.26 13.99 14.95
 11.96 13.14 10.714.71 11.75 12.415
 12.938333334.27511.061428578.725.055 8.5
6.506666677.49333333 11.3075 14.865 3.325.54
 11.135 9.366666679.08333333 14.733.96611.86
 10.2625 13.72516.43 15.555 8.16 11.87111111
4.64 13.84 10.949.36 15.45 18.09
 10.81513.884.378.9875 10.56 12.0525
 13.83333333 11.655555564.82817.312.812.98
 11.2175 10.52612.79518.43 15.118 8.04
5.14510.25516.318 6.97515.863333335.33
 11.353333333.84 16.38 17.749.429.2
 15.36 10.57 15.76255.05454545 14.62 14.23
 12.30755.00666667 11.596666675.04210.054.85333333
 10.46 13.52 10.149.05 11.37 11.21
 10.035 5.17 10.64843137 12.403333339.95428571 14.92333333
 10.995 5.13428571 15.39 10.423. 11.335
5.12516.09 12.639.014285716.87333333 10.75333333
5.044 4.37413.033636368.19514.27 13.53
6.11614.03 14.6575 10.76515.01 14.09
5.0475 14.88 10.486.524285718.576666679.23
9.97610.419.86714286 12.611.11 10.16333333
 12.125.00333333 14.610.82333333 15.22 10.72666667
 14.356666678.8225 13.613333334.86666667 17.15 13.3
 13.08 11.03514.14333333 10.79142857 13.257.94041667
 11.43512.808 6.2075 13.91515.719.25157895
 10.34515.595.0525 12.99 11.924 7.335
9.926.83666667 12.410.16255.053846158.96
 12.65 16.444.548 8.137142867.63 12.145
 16.01 11.764285714.38333333 16.393333339.412.038
4.64813.55714286 14.31755.12 16.09214.088
7.329.22413.92142857 12.05333333 11.95333333 13.11571429
 16.97 12.028.495 9.87 17.19 10.748
9. 10.413.142857147.412.836.76
5.10512.00571429 10.889.884 5.03666667 16.028
 15.81


col2454:
0. 1.42.28 1.54 2.32 1.42 1.95 1.55 1.71.68 2.55 1.99 0.9
 5.31.83 2.13 0.98 1.87 2.26 1.14 1.85 1.17 1.13 2.07 1.81.28 2.1
 2. 1.41 1.21.37 3.04 1.52 2.06 2.53.05 1.39 3.96 2.95 2.21 1.29
 2.22.12 2.01 2.35 2.93 1.67 2.39 2.17 2.15 1.76 3.11.53 1.31.74
 1.61.96 3.88 1.31 1.02 1.33 2.16 1.48 1.34 2.14 0.80.37 2.11 1.05
 1.35 1.38 4. 1.04 1.11.51.92.97 2.57 1.84 2.67 3.25 2.05 2.29
 2.34 2.19 2.27 2.63 3.81.45 1.65 1.75 1.64 1.62 1.26 2.68 1.43 4.13
 2.92.25 1.82 1.57 1.92 2.09 2.23 1.11 0.88 2.37 0.81 1.27 2.08 1.06
 1.25 1.46 3.98 0.73 2.66 1.71 2.73 3.76 3.79 1.91 3.41.36 2.62 1.77
 1.19 2.38 2.88 5.21.21 2.31.69 2.45 3.19 1.66 1.51 1.94 1.09 1.15
 1.07 1.08 0.45.12 2.43.82 0.64 1.86 3.75 1.72 0.36 2.02 1.22 2.31
 4.17.42.36 1.24 2.56 9.91.58 1.97 1.47 0.31 0.61. 2.81.23
 1.18 0.72.84 1.78 2.33 0.85 0.58 2.71.89 0.28 3.95 2.61.16 0.95
 0.66 0.82 0.92 4.90.87


col2456:
0. 1.42.28 1.34333333 2.32
 1.42 1.95 1.55 1.71.68 2.55
 1.99 0.95.31.83 2.13 0.98
 1.87 2.26 0.57 1.85 1.17 1.13
 2.07 1.14 1.81.28 1.05 2.
 1.41 2.11.21.37 3.04 1.455
 2.06 2.53.05 1.39 3.32333333 2.95
 2.21 1.29 2.22.12 2.01 2.31142857
 2.93 1.67 2.39 2.35 2.17 2.15
 1.76 3.11.53 1.9551.31.74
 3.96 1.61.96 3.88 1.26285714 1.02
 1.33 2.16 1.48 1.32 1.34 2.14
 0.80.1852.11 1.0651.35 1.38
 4. 1.04 2.3275 1.11.5975 1.5
 1.92.97 1.54 2.57 1.84 2.67
 3.25 2.05 2.29 2.34 0.5725 0.175
 2.19 2.27 2.63 3.81.45 1.985
 1.59 1.9361.75 1.64 1.62 1.26
 2.68 1.43 4.13 1.31 0.54 2.9
 1.82 2.2081.57 1.92 1.0852.2425
 2.25 2.09 2.23 1.52 1.0450.88
 2.37 0.81 1.27 0.7651.66 2.21333333
 1.0251.3352.08 1.673751.06 1.25
 1.46 3.98 0.73 1.3651.14428571 1.60454545
 1.6725 1.71 1.9952.73 1.94333333 2.055
 3.76 3.79 1.91 1.09333333 0.85 1.09
 0.71.4051.36 2.42 0.56 2.62
 1.77 1.11 0.2751.65 1.28529412 0.95625
 1.19 1.2875 0.6651.4325 1.01333333 1.965
 2.88 5.21.21 2.66 2.31.56875
 1.20333333 1.69 2.38 2.45 3.19 0.53
 1.8461.3921.51 1.8561.75714286 1.86
 1.7651.5340.5325 1.22333333 1.15 1.07
 1.23571429 1.5375 1.8251.08 1.6952.115
 1.8351.55666667 0.11419355 0.7625 0.21.358
 5.12 1.56 2.42.63.82 1.785
 0.17142857 1.28333333 1.32222222 1. 0.21333333 1.635
 3.75 2.0452.33166667 1.72 0.1441.055
 2.02 2.0725 1.83333333 1.22 1.5250.23333333
 0.4975 1.2251.5752.10857143 2.3051.185
 2.30166667 1.61 1.1051.3051.3625 0.67
 2.04571429 2.31 0.6625 2.0651.0751.255
 1.24285714 4.17.40.5175 1.9521.595
 2.4680.42.84 1.9225 1.9741.725
 2.91428571 0.5875 1.24 2.4925 1.0125 2.56
 3.3680.65357143 0.5251.7352.14285714 1.175
 1.58 1.97 1.0050.5851.5825 0.3
 2.6741.61714286 1.8541.6981.9251.47
 2.2325 3.7125 1.42666667 1.7325 0.1551.475
 0.60.73333333 1.35333333 2.0875 1.7950.35
 0.5275 0.87 0.75333333 1.7050.5652.06333333
 1.98333333 1.7581.233752.33 0.8042.0625
 2.81.6141.22222222 2.2050.32 1.24375
 1.7752.6782.76 2.14615385 1.23 3.07142857
 1.81666667 1.18 1.78133333 1.4851.64142857 0.56916667
 1.6650.9221.60666667 0.95333333 1.67428571 0.08606061
 1.1152.41 2.1375 1.3550.51.78
 1.70666667 1.35444444 1.08333333 0.55714286 0.97714286 1.56333333
 1.1551.54428571 1.4650.29 1.8375 1.035
 0.5751.6662.70.7620.86 0.808
 0.6250.14 2.2725 1.4941.7025 2.325
 1.8051.4375 1.19428571 1.98 0.7141.65833333
 1.6323.95 0.09 1.86666667 1.9350.36625
 1.54333333 2.1652.2125 1.16 1.36666667 0.95
 3.16428571 2.6775 1.73888889 1.8725 1.61176471 2.0145
 1.19666667 0.5841.08666667 1.2182.1752.91
 0.3125 1.55142857 0.6951.51666667 1.76333333 1.275
 0.9825 1.5850.28285714 1.82333333 0.37714286 0.82
 1.2325 0.92 0.97666667 2.2751.30384615 1.9875
 1.3761.3560.836253.03333333 1.36333333 0.15
 0.4641.71571429 4.90.11 1.88 2.3175
 1.4151.3621.23384615 1.02666667 2.9251.125
 1.3121.51285714 2.2380.59058824 1.81 3.26
 1.1475 1.0921.76142857 3.1550.12 1.883
 1.4562.2851.6182.2925 2.09666667 2.9075
 0.2388 0.22961538 1.26166667 0.18 1.14571429 0.8436
 2.11666667 2.6651.271252.23333333 1.98428571 2.12666667
 3.76285714 2.2062.5753.06 1.6575 1.14857143
 2.9420.27 0.41666667 4.44 0.8791.84428571
 1.7522.1520.0722.65 1.2060.88714286
 1.76666667 0.93333333 0.66 1.78666667 2.36 1.24333333
 0.96


col2460:
 0.2.1 1.4 2.28 1.542.325.2 3.042.061.421.45
1.951.551.7 1.682.551.281.1 1.990.9 5.3 1.3 1.2
1.83 13.082.2 2.130.982.4 1.872.261.141.851.171.13
2.071.8 1.842.1.411.371.522.152.5 3.051.393.96
2.952.211.294.531.042.122.012.352.732.931.672.39
2.171.772.084.490.814.441.311.763.1 0.851.531.74
1.6 1.961.083.881.021.332.031.712.161.482.291.
0.661.342.144.320.8 0.372.111.5 1.051.351.384.
1.914.741.9 2.972.571.272.673.252.052.343.952.9
2.682.191.252.271.652.631.643.8 2.021.661.752.25
0.991.621.261.434.131.821.571.922.092.231.691.11
0.882.373.4 1.061.241.461.783.980.731.972.661.09
2.7 3.763.791.231.362.621.195.9 2.382.881.212.3
2.453.191.510.921.944.7 3.061.150.951.070.4 5.12
3.823.321.161.591.583.114.1 0.641.863.751.222.6
1.720.360.872.522.844.762.317.4 4.312.362.569.9
0.821.473.390.312.533.720.860.6 2.8 3.211.180.7
2.330.581.890.284.9 


col2461:
0. 2.11.42.28 1.22.32 5.21.67 2.06 1.42 1.45 1.95 1.55
 1.71.68 2.55 1.28 1.11.99 0.92.11 1.31.83 2.21.05 2.13 0.98
 1.87 2.26 1.85 1.17 1.13 2.07 1.14 1.81.84 2. 1.41 1.37 3.04 1.26
 2.15 2.53.05 1.39 2.05 2.95 2.21 1.29 4.53 1.04 2.12 2.01 2.08 0.95
 2.93 2.39 2.35 2.17 1.77 4.49 0.81 4.44 1.31 1.76 3.10.85 1.53 1.25
 1.74 3.96 1.61.96 1.08 3.88 1.02 1.33 2.03 1.71 2.16 1.48 1. 1.34
 2.14 4.32 0.81.51.35 1.38 4. 1.91 4.74 1.91.27 2.97 1.54 0.87
 2.57 2.67 3.25 2.29 2.34 3.95 2.92.19 2.63 1.64 3.81.66 1.75 0.99
 1.62 2.68 1.43 4.13 1.82 5.31.49 1.92 0.88 1.63 2.09 2.23 1.52 1.69
 2.27 2.37 0.66 1.07 1.06 1.24 1.46 1.78 3.98 0.73 1.97 2.73 0.78 1.11
 2.73.76 3.79 1.23 2.41.36 2.62 1.65 0.71.19 2.62.25 2.88 1.21
 2.66 2.38 2.45 3.19 1.51 1.09 0.92 3.06 1.15 5.12 3.82 3.32 2.31.16
 1.58 3.11 4.11.86 3.75 1.22 1.72 2.02 2.52 4.72.84 4.76 2.31 7.4
 4.31 2.56 0.82 2.33 1.47 3.39 1.88 3.72 0.86 0.60.74 1.18 2.04 0.65
 0.75 0.28 4.91.12 0.76 0.37 2.36


col2462:
0. 2.11.42.28 1.34333333
 2.32 5.22.3552.06 1.42 1.45
 1.95 1.55 1.71.68 2.55 1.28
 1.11.99 0.92.9075 1.31.2
 1.83 5.2322.21.65428571 2.13 0.98
 1.96 1.87 2.26 0.57 1.85 1.17
 1.13 2.07 1.14 1.81.05 1.84
 2. 1.41 1.37 3.04 1.4552.15
 2.53.05 1.39 3.32333333 2.95 2.21
 1.29 4.53 1.04 2.12 2.01 2.31142857
 1.65333333 2.93 1.67 2.39 2.35 2.17
 1.77 2.08 4.49 1.08333333 0.81 4.44
 1.31 1.76 3.10.85 1.53 0.55
 1.9551.86666667 1.75 1.74 3.96 1.6
 1.08 3.88 1.26285714 1.02 1.33 2.03
 1.71 2.16 1.48 2.06333333 1. 0.20307692
 1.32 1.34 2.14 4.32 0.80.185
 2.11 1.51.0651.35 1.38 4.
 2.3275 0.91285714 1.91 4.74 1.92.97
 1.54 2.57 1.27 2.67 3.25 2.05
 2.29 2.34 3.95 0.9222.90.67
 2.19 1.25 2.11666667 2.23 1.5252.63
 1.64 3.81.56 1.9851.66 1.59
 1.9362.2050.99 1.62 1.26 2.68
 1.43 4.13 0.54 1.82 5.32.208
 1.53571429 1.92 1.0852.2425 1.98428571 2.09
 1.52 1.69 2.27 1.0450.88 2.37
 0.48 2.60.7652.21333333 1.0251.218
 1.3351.06666667 1.09 1.673751.06 1.24
 1.46 1.78 3.98 0.73 1.3652.0725
 1.65 1.97 1.14428571 1.60454545 1.6725 1.995
 2.73 0.98666667 1.11 1.94333333 2.0552.7
 3.76 1.78666667 0.83571429 3.79 1.23 1.854
 1.09333333 1.7580.71.4052.41.36
 2.42 0.93333333 0.56 2.62 0.62857143 1.28529412
 1.0951.3921.9351.19 3.07142857 1.2875
 0.6651.4325 2.25 3.43333333 1.01333333 1.965
 2.88 2.31.21 2.66 1.31428571 1.56875
 1.20333333 2.38 2.45 1.7075 1.87333333 3.19
 0.53 1.8461.51 0.1751.15 0.92
 1.8561.75714286 1.86 1.7650.24 1.534
 3.06 0.5325 1.22333333 0.95 1.07 1.23571429
 1.5375 1.8251.6952.1151.8352.56
 1.55666667 0.26595745 0.7625 0.21.6041.358
 5.12 1.61538462 3.82 1.7853.32 0.4
 1.16 0.10909091 1.28333333 0.51428571 2.31 1.58
 2.5283.11 1.2724.11.2750.21333333
 1.6353.75 1.22 1.76666667 2.0452.33166667
 1.72 0.12857143 0.87 0.5175 1.0552.02
 1.83333333 2.52 4.73.03333333 0.23333333 0.4975
 2.84 1.6575 1.5751.56333333 4.76 2.10857143
 0.32.3051.1852.30166667 1.61 0.55714286
 0.86 1.1051.3051.3625 2.91428571 0.87857143
 2.04571429 0.6625 2.0651.0751.2551.24285714
 7.44.31 1.9521.5952.4681.9225
 1.19727273 1.7250.5875 1.6180.32 2.4925
 1.0125 3.24272727 0.65357143 1.4751.7352.14285714
 0.82 1.1751.0051.47 0.5851.5825
 0.62.6743.39 0.9825 1.61714286 1.698
 1.9250.88666667 2.2325 1.42666667 1.7325 0.155
 1.06571429 0.73333333 1.35333333 1.96333333 2.0875 1.795
 1.2443.72 0.35 0.5275 0.75333333 1.705
 0.5652.9251.98333333 2.33 0.8042.0625
 0.76363636 2.06777778 1.6140.8551.22222222 4.51
 0.9325 0.84 1.243751.29807692 1.7752.678
 2.76 2.16122449 0.5625 1.81666667 1.36666667 0.93
 1.61636364 1.18 1.4851.31771429 0.68571429 1.64142857
 0.56916667 1.6651.1221.51666667 0.95333333 1.67428571
 0.4960.26818182 1.1152.41 2.1375 1.355
 1.45319149 1.70666667 1.35444444 3.2620.97714286 1.20285714
 1.54428571 1.4650.29 1.30714286 0.94285714 1.56666667
 1.0350.6251.6660.44 0.7621.22090909
 0.4522.0145 0.8080.14 2.2725 1.494
 1.7025 1.8052.2551.4375 1.9741.19428571
 1.98 1.81 0.7141.65833333 1.39714286 1.864
 0.366251.54333333 2.1652.2125 3.16428571 2.6775
 1.73888889 1.8725 1.19666667 0.9125 1.08666667 2.238
 1.76333333 2.1752.91 1.55142857 0.6951.55909091
 0.28285714 0.37714286 0.9960.97333333 1.2325 0.97666667
 2.2751.24578947 1.9875 2.2851.3761.356
 1.1041.30285714 0.836251.36333333 0.15 1.28444444
 0.52.55714286 1.71571429 4.90.11 1.88
 1.20307692 2.3175 1.4151.3621.23384615 0.684
 0.8791.02666667 1.1251.3121.51285714 0.5537931
 1.24571429 3.26 2.9421.1475 0.4221.092
 1.76142857 3.1551.8831.4560.83142857 2.2925
 1.09714286 2.09666667 0.2388 0.22961538 0.13090909 1.65666667
 1.24333333 1.14571429 0.8436 1.5452.6651.27125
 2.39090909 2.12666667 3.76285714 2.5751.9325 1.268
 1.14857143 0.12 2.13166667 1.28181818 1.84428571 1.752
 0.0722.65 1.2060.88714286 0.33 2.36
 0.96


col2468:
242. 256.31. 336.68. 364.27. 130. 340. 275.13. 3. 2.
 150. 254. 115.62.53. 198.73. 248. 157. 298. 191.17. 160. 125.
 219. 310.16. 199. 180. 120. 205. 341. 345. 301. 320. 152. 347.11.
 128.97. 164. 265.26.51. 193. 165. 208. 107.20.95.59. 276.
 323. 184.69.39. 214. 352. 132. 272. 158. 209.60. 287. 260. 237.
 141. 304.61. 270. 206. 104.96.50. 300. 305.58. 317. 146.89.
 170. 277. 9. 197. 213. 179.90. 124. 236. 159. 257. 288.79. 162.
 240. 312.25. 271. 326. 143. 334. 246.78. 331.37. 102. 8. 1.
 259. 121.72. 171. 353. 192.66. 5. 313. 337. 137. 228. 211. 218.
 149. 122. 332. 303. 4. 172.82. 299.75. 103. 100.92. 365. 113.
 144. 289.64.36. 362.41. 194. 188. 142.46.93. 268. 151. 239.
 243. 216. 185.40. 230.10. 195. 321.47. 234.81. 139. 263. 155.
30. 363. 232. 262.12. 168. 181. 183.65. 261.38. 346. 354.71.
 229.67.94. 156. 220.32.44. 173. 324. 255. 169. 148. 351.22.
 309.76. 227. 129. 283. 258. 361. 342.43. 186. 226. 222. 251. 274.
 138. 292. 187. 108. 241.99. 291. 117. 167. 360. 204. 210. 247. 339.
85. 106. 178. 200. 284. 319.23. 136. 161.34.33. 285. 235. 163.
 215. 111. 212. 153. 233. 135. 177. 333. 250. 264. 116. 344.57. 127.
88. 302.80. 279. 238. 249. 221. 269.19. 253. 349. 325. 307. 190.
 110. 134. 207. 335. 278. 217.29. 174.55. 328.74. 223. 348. 109.
48. 6. 293.83. 0. 166. 338. 114.24. 290. 119. 358. 154. 281.
 282. 355. 273. 286. 176.45. 318. 131.52. 123.14.87.54. 201.
 101. 329. 266. 294. 295.15.35. 267.84.91. 311. 202. 327. 118.
18.21. 316.86. 306. 244. 147. 203. 314. 330.28.56. 296. 105.
 297. 280. 225. 350. 359. 356.77. 133. 145. 315. 196. 182.63. 308.
 231. 112. 175. 7.42. 252. 357. 245.49.98. 322. 343. 126. 140.
70. 224.


col2470:
 545.242.557. ... 1142. 1379.892.


col2486:
1.0.3.2.4.5.6.


col2564:
5903704. 10850000. ...7766400.6868510.8577000.


col2565:
5903704. 10850000. ...7766400.6868510.8577000.


col2566:
5903704. 10850000. ...7766400.6868510.8577000.


col2588:
362. 240. 360. 180. 192.84. 300. 242. 120. 108. 168. 302. 342.
 336. 182.60.36. 156. 204. 420. 288. 218. 312. 264. 314. 252. 338.
 350. 308. 230. 275. 228. 276. 324. 279. 132. 170.48. 329. 144. 122.
 266. 206. 253. 216.62.50.74. 326.96. 158. 194.72. 290. 258.
 209. 239.24. 254. 348. 320. 354. 146. 278. 307. 343.15. 203. 353.
98. 200. 340. 282. 268. 173. 248.88. 316. 134.86. 313. 124. 255.
 235. 186. 331. 285.26. 227. 272. 246. 238. 155. 222. 339. 315. 202.
 110. 251. 181.


col2589:
362. 240. 360. 180. 192.84. 300. 242. 120. 108. 168. 302. 342.
 336. 182.60.36. 156. 204. 420. 288. 218. 312. 264. 216. 314. 252.
 338. 350. 308. 230. 275. 228. 122. 276. 324.12. 279. 132.48. 278.
 329. 144. 266. 206. 253. 170.62.50.74. 326.96. 158. 194.72.
 290. 258. 209. 239.24. 254. 348. 320. 354. 146. 307. 343.15. 203.
 353.98. 200. 340. 282. 268. 173. 248.88. 316. 134.86. 313. 124.
 255. 235. 186. 331.25. 285.26. 227. 212. 3. 272. 246. 238. 155.
 222. 339. 202. 110. 251. 181.


col2590:
362. 240. 360. 180.
 192.84. 300. 242. 120.
 270. 108. 168. 302. 342.
 336. 182.60. 241.36.
 156. 204. 420. 288. 240.5
 218. 312. 264. 229. 314.
 216.5252. 338. 271. 350.
 308. 230. 275. 228. 276.
 324. 301.24. 279. 132.
 168.5 48. 289. 329. 144.
 122. 343. 266. 206. 205.
 253. 216. 170. 138.62.
 261. 290. 150.50. 360.66666667
74. 326.96. 361. 320.66666667
 282. 158. 194.72. 258.
 211. 209. 330. 239. 339.
 321.33333333 254. 348. 320. 236.
 354. 146. 193. 278. 307.
15. 203. 273.33333333 280. 352.
 353. 300.66666667 181.5212.98.
 200. 340. 199. 268. 277.
 173. 248.88. 316. 318.
 246. 134.86. 313. 255.5
 124. 259. 126. 255. 235.
 292. 186. 264.33333333 224. 247.
 331. 103.5285.26. 157.
 227.19.5272. 238. 325.
 155. 222. 217. 151. 259.6
 256.33333333 313.5202. 110. 251.
 181.


col2660:
7616803. 10850000. ...4715700.6868510.8577000.


col2661:
7616803. 10850000. ...4715700.6868510.8577000.


col2662:
7616803. 10850000. ...4715700.6868510.8577000.


col2663:
0.25626138 0.25868176 0.2541643... 0.26029922 0.26185761 0.28014841


